TITLE: GCSC INJECTOR A
IDIM,
   3,
  IZON,IZFACE,  IBND,    ID, ISNGL,
    14,    21,     8,    34,     0,
   IZT,   JZT,   KZT, LPROC,  CBG1,  CBG2,  CBG3,  CBV1,  CBV2,  CBV3,
    21,    21,    15,     1,   0.0,   0.0,   0.0,   0.0,   0.0,   0.0,
    41,     5,    16,     2,   0.0,   0.0,   0.0,   0.0,   0.0,   0.0,
    41,     5,    16,     3,   0.0,   0.0,   0.0,   0.0,   0.0,   0.0,
    21,    21,    61,     4,   0.0,   0.0,   0.0,   0.0,   0.0,   0.0,
    41,     5,    61,     5,   0.0,   0.0,   0.0,   0.0,   0.0,   0.0,
    41,     5,    61,     1,   0.0,   0.0,   0.0,   0.0,   0.0,   0.0,
    41,     5,    61,     2,   0.0,   0.0,   0.0,   0.0,   0.0,   0.0,
    41,     5,    61,     3,   0.0,   0.0,   0.0,   0.0,   0.0,   0.0,
     5,     5,    31,     4,   0.0,   0.0,   0.0,   0.0,   0.0,   0.0,
     5,     5,     5,     5,   0.0,   0.0,   0.0,   0.0,   0.0,   0.0,
     5,     5,    31,     1,   0.0,   0.0,   0.0,   0.0,   0.0,   0.0,
     5,     5,     5,     2,   0.0,   0.0,   0.0,   0.0,   0.0,   0.0,
     9,     5,    41,     3,   0.0,   0.0,   0.0,   0.0,   0.0,   0.0,
     9,     5,    41,     4,   0.0,   0.0,   0.0,   0.0,   0.0,   0.0,
 IFCYC,  IZB1,  IZF1, IJZ11, IJZ12, JKZ11, JKZ12,INONUF,
         IZB2,  IZF2, IJZ21, IJZ22, JKZ21, JKZ22,
     1,     1,     6,     1,    21,     1,    21,     0,
            4,     5,     1,    21,     1,    21,
     1,     2,     1,     1,     5,     1,    16,     0,
            3,     1,     1,     5,     1,    16,
     1,     2,     2,     1,     5,     1,    16,     0,
            3,     1,     1,     5,     1,    16,
     1,     2,     3,     1,    41,     1,    16,     0,
            3,     1,     5,     1,     1,    16,
     1,     2,     4,     1,    41,     1,    16,     0,
            3,     1,     1,     5,     1,    16,
     1,     2,     5,     1,    41,     1,     5,     0,
            3,     1,     1,     5,    16,     1,
     1,     2,     6,     1,    41,     1,     5,     0,
            3,     1,     1,     5,     1,    16,
     1,     5,     1,     1,     5,     1,    61,     0,
            6,     1,     1,     5,     1,    61,
     1,     5,     2,     1,     5,     1,    61,     0,
            6,     1,     1,     5,     1,    61,
     1,     5,     3,     1,    41,     1,    61,     0,
            6,     1,     5,     1,     1,    61,
     1,     5,     4,     1,    41,     1,    61,     0,
            6,     1,     1,     5,     1,    61,
     1,     5,     6,     1,    41,     1,     5,     0,
            6,     1,     1,     5,     1,    61,
     1,     7,     1,     1,     5,     1,    61,     0,
            8,     1,     1,     5,     1,    61,
     1,     7,     2,     1,     5,     1,    61,     0,
            8,     1,     1,     5,     1,    61,
     1,     7,     5,     1,    41,     1,     5,     0,
            8,     1,     1,     5,    61,     1,
     1,     7,     6,     1,    41,     1,     5,     0,
            8,     1,     1,     5,     1,    61,
     1,     9,     6,     1,     5,     1,     5,     0,
           10,     5,     1,     5,     1,     5,
     1,    11,     6,     1,     5,     1,     5,     0,
           12,     5,     1,     5,     1,     5,
     1,    13,     1,     1,     5,     1,    41,     0,
           14,     1,     1,     5,    41,     1,
     1,    13,     3,     1,     9,     1,    41,     0,
           14,     1,     5,     1,    41,     1,
     1,    13,     4,     1,     9,     1,    41,     0,
           14,     1,     1,     5,    41,     1,
 IBCZON,   IDBC,  ITYBC,   IJBB,   IJBS,   IJBT,   JKBS,   JKBT,
      1,      5,     -1,     15,      1,     21,      1,     21,
      9,      5,     -1,     31,      1,      5,      1,      5,
     11,      5,     -1,     31,      1,      5,      1,      5,
      4,      6,      2,      1,      1,     21,      1,     21,
      5,      6,      2,      1,      1,     41,      1,      5,
      6,      6,      2,      1,      1,     41,      1,      5,
      7,      6,      2,      1,      1,     41,      1,      5,
      8,      6,      2,      1,      1,     41,      1,      5,
 IWBZON,     L1,     L2,     M1,     M2,     N1,     N2,   IWTM,  HQDOX,  IWALL,  DENNX,  VISWX,
      1,     21,     21,      1,     21,      1,     15,      1,      0,      0,      0,      0,
      1,      1,      1,      1,     21,      1,     15,      1,      0,      0,      0,      0,
      1,      1,     21,     21,     21,      1,     15,      1,      0,      0,      0,      0,
      1,      1,     21,      1,      1,      1,     15,      1,      0,      0,      0,      0,
      4,     21,     21,      1,     21,      1,     61,      1,      0,      0,      0,      0,
      4,      1,      1,      1,     21,      1,     61,      1,      0,      0,      0,      0,
      4,      1,     21,     21,     21,      1,     61,      1,      0,      0,      0,      0,
      4,      1,     21,      1,      1,      1,     61,      1,      0,      0,      0,      0,
      9,      5,      5,      1,      5,      1,     31,      1,      0,      0,      0,      0,
      9,      1,      1,      1,      5,      1,     31,      1,      0,      0,      0,      0,
      9,      1,      5,      5,      5,      1,     31,      1,      0,      0,      0,      0,
      9,      1,      5,      1,      1,      1,     31,      1,      0,      0,      0,      0,
     10,      5,      5,      1,      5,      1,      5,      1,      0,      0,      0,      0,
     10,      1,      1,      1,      5,      1,      5,      1,      0,      0,      0,      0,
     10,      1,      5,      5,      5,      1,      5,      1,      0,      0,      0,      0,
     10,      1,      5,      1,      1,      1,      5,      1,      0,      0,      0,      0,
     10,      1,      5,      1,      5,      1,      1,      1,      0,      0,      0,      0,
     11,      5,      5,      1,      5,      1,     31,      1,      0,      0,      0,      0,
     11,      1,      1,      1,      5,      1,     31,      1,      0,      0,      0,      0,
     11,      1,      5,      5,      5,      1,     31,      1,      0,      0,      0,      0,
     11,      1,      5,      1,      1,      1,     31,      1,      0,      0,      0,      0,
     12,      5,      5,      1,      5,      1,      5,      1,      0,      0,      0,      0,
     12,      1,      1,      1,      5,      1,      5,      1,      0,      0,      0,      0,
     12,      1,      5,      5,      5,      1,      5,      1,      0,      0,      0,      0,
     12,      1,      5,      1,      1,      1,      5,      1,      0,      0,      0,      0,
     12,      1,      5,      1,      5,      1,      1,      1,      0,      0,      0,      0,
   ISNZON,    ISNBC,    ISNAX,    ISNBS,    ISNBT,
    IDATA,     IGEO,      ITT,    ITPNT,    ICOUP,    NLIMT,      IAX,     ICYC,
        1,        2,2.000E+04,       50,        1,        1,        1,        0,
      DTT,     IREC,      REC,    THETA,    BETAP,     IEXX,     PRAT,
1.000E-10,        3,      0.9,        1,        1,        1,        0,
      IPC,      JPC,     IPEX,     JPEX,      IMN,      JMN,
     6416,        1,      242,        4,     4211,        1,
     VISC,       IG,    ITURB,      AMC,     GAMA,      CBE,      CBH,    EREXT,
1.837e-05,        2,        2,        1,    1.455,        0,       -2,    2e-08,
     ISWU,     ISWP,     ISWK,    ISKEW,
       93,       97,       93,        0,
INSO(IEQ):
  U,  V,  W, TM, DK, DE, FL,  8, EQ, VS, FM, SP,
  1,  1,  1,  1,  1,  1,  1,  0,  0,  1,  1,  1,
  NGAS,NREACT, IUNIT,DENREF,  UREF,  TREF,  XREF,  PREF,
     2,     0,     1,1.1550E+00,69.593,   300, 0.001,100000.0,
ISPARK,ISPKMIN,ISPMAX,
ISPKON,ISPKZN,ISPKI1,ISPKIM,ISPKJ1,ISPKJM,ISPKK1,ISPKKM, TMSPK,ISPKDBG,
IGDINN,IOFINN,IOFOUT,IOFP3D,
     1,     1,     1,     1,
H2O                                                                   18.00000
 2.63406500E+00 3.11219000E-03-9.02784600E-07 1.26730500E-10-6.91647300E-15
-2.98762600E+04 7.08238700E+00 4.16755600E+00-1.81068700E-03 5.94508700E-06
-4.86708700E-09 1.52841400E-12-3.02895500E+04-7.30880000E-01
AIR                                                                   28.84000
 3.01266400E+00 1.42294000E-03-5.38824800E-07 9.74713800E-11-6.66859400E-15
-9.54704500E+02 5.82399800E+00 3.72107000E+00-1.75818800E-03 4.35430900E-06
-3.01225300E-09 6.82644100E-13-1.06402300E+03 2.52930900E+00
FLUID
c Species(a20) , ideal gas(=0), real fluid(=1)
H2O                     1
AIR                     0
DONE                    0
