 IFCYC,  IZB1,  IZF1, IJZ11, IJZ12, JKZ11, JKZ12,INONUF,
         IZB2,  IZF2, IJZ21, IJZ22, JKZ21, JKZ22,
     1,     1,     5,     1,    30,     1,    30,     0,
            8,     6,     1,    30,     1,    30,
     2,     2,     2,     1,     4,     1,    11,     0,
            3,     1,     1,     4,     1,    11,
     3,     2,     1,     1,     4,     1,    11,     0,
            3,     2,     1,     4,     1,    11,
     4,     2,     5,     1,    59,     1,     4,     0,
            7,     6,     1,    59,     1,     4,
     5,     3,     5,     1,    59,     1,     4,     0,
            6,     6,     1,    59,     1,     4,
     6,     4,     2,     1,     4,     1,    61,     0,
            5,     1,     1,     4,     1,    61,
     7,     4,     4,     1,    30,     1,    61,     0,
            8,     2,     1,    30,     1,    61,
     8,     4,     4,    30,    59,     1,    61,     0,
            8,     3,     1,    30,     1,    61,
     9,     4,     1,     1,     4,     1,    61,     0,
            5,     2,     1,     4,     1,    61,
    10,     4,     3,     1,    59,     1,    61,     0,
            6,     3,    59,     1,     1,    61,
    11,     5,     4,     1,    30,     1,    61,     0,
            8,     1,    30,     1,     1,    61,
    12,     5,     4,    30,    59,     1,    61,     0,
            8,     4,    30,     1,     1,    61,
    13,     5,     3,     1,    59,     1,    61,     0,
            7,     3,    59,     1,     1,    61,
    14,     6,     2,     1,     4,     1,    61,     0,
            7,     1,     1,     4,     1,    61,
    15,     6,     1,     1,     4,     1,    61,     0,
            7,     2,     1,     4,     1,    61,
